%YAML:1.0
aruco_bc_dict: ARUCO_MIP_36h12
aruco_bc_nmarkers: 30
aruco_bc_mInfoType: 0
aruco_bc_markers:
   - { id:186, corners:[ [ -1450., -1250., 0. ], [ -950., -1250., 0. ],
       [ -950., -1750., 0. ], [ -1450., -1750., 0. ] ] }
   - { id:235, corners:[ [ -850., -1250., 0. ], [ -350., -1250., 0. ], [
       -350., -1750., 0. ], [ -850., -1750., 0. ] ] }
   - { id:58, corners:[ [ -250., -1250., 0. ], [ 250., -1250., 0. ], [
       250., -1750., 0. ], [ -250., -1750., 0. ] ] }
   - { id:143, corners:[ [ 350., -1250., 0. ], [ 850., -1250., 0. ], [
       850., -1750., 0. ], [ 350., -1750., 0. ] ] }
   - { id:101, corners:[ [ 950., -1250., 0. ], [ 1450., -1250., 0. ], [
       1450., -1750., 0. ], [ 950., -1750., 0. ] ] }
   - { id:63, corners:[ [ -1450., -650., 0. ], [ -950., -650., 0. ], [
       -950., -1150., 0. ], [ -1450., -1150., 0. ] ] }
   - { id:41, corners:[ [ -850., -650., 0. ], [ -350., -650., 0. ], [
       -350., -1150., 0. ], [ -850., -1150., 0. ] ] }
   - { id:144, corners:[ [ -250., -650., 0. ], [ 250., -650., 0. ], [
       250., -1150., 0. ], [ -250., -1150., 0. ] ] }
   - { id:141, corners:[ [ 350., -650., 0. ], [ 850., -650., 0. ], [
       850., -1150., 0. ], [ 350., -1150., 0. ] ] }
   - { id:188, corners:[ [ 950., -650., 0. ], [ 1450., -650., 0. ], [
       1450., -1150., 0. ], [ 950., -1150., 0. ] ] }
   - { id:81, corners:[ [ -1450., -50., 0. ], [ -950., -50., 0. ], [
       -950., -550., 0. ], [ -1450., -550., 0. ] ] }
   - { id:217, corners:[ [ -850., -50., 0. ], [ -350., -50., 0. ], [
       -350., -550., 0. ], [ -850., -550., 0. ] ] }
   - { id:138, corners:[ [ -250., -50., 0. ], [ 250., -50., 0. ], [ 250.,
       -550., 0. ], [ -250., -550., 0. ] ] }
   - { id:151, corners:[ [ 350., -50., 0. ], [ 850., -50., 0. ], [ 850.,
       -550., 0. ], [ 350., -550., 0. ] ] }
   - { id:229, corners:[ [ 950., -50., 0. ], [ 1450., -50., 0. ], [
       1450., -550., 0. ], [ 950., -550., 0. ] ] }
   - { id:85, corners:[ [ -1450., 550., 0. ], [ -950., 550., 0. ], [
       -950., 50., 0. ], [ -1450., 50., 0. ] ] }
   - { id:0, corners:[ [ -850., 550., 0. ], [ -350., 550., 0. ], [ -350.,
       50., 0. ], [ -850., 50., 0. ] ] }
   - { id:240, corners:[ [ -250., 550., 0. ], [ 250., 550., 0. ], [ 250.,
       50., 0. ], [ -250., 50., 0. ] ] }
   - { id:110, corners:[ [ 350., 550., 0. ], [ 850., 550., 0. ], [ 850.,
       50., 0. ], [ 350., 50., 0. ] ] }
   - { id:183, corners:[ [ 950., 550., 0. ], [ 1450., 550., 0. ], [
       1450., 50., 0. ], [ 950., 50., 0. ] ] }
   - { id:15, corners:[ [ -1450., 1150., 0. ], [ -950., 1150., 0. ], [
       -950., 650., 0. ], [ -1450., 650., 0. ] ] }
   - { id:33, corners:[ [ -850., 1150., 0. ], [ -350., 1150., 0. ], [
       -350., 650., 0. ], [ -850., 650., 0. ] ] }
   - { id:199, corners:[ [ -250., 1150., 0. ], [ 250., 1150., 0. ], [
       250., 650., 0. ], [ -250., 650., 0. ] ] }
   - { id:124, corners:[ [ 350., 1150., 0. ], [ 850., 1150., 0. ], [
       850., 650., 0. ], [ 350., 650., 0. ] ] }
   - { id:241, corners:[ [ 950., 1150., 0. ], [ 1450., 1150., 0. ], [
       1450., 650., 0. ], [ 950., 650., 0. ] ] }
   - { id:175, corners:[ [ -1450., 1750., 0. ], [ -950., 1750., 0. ], [
       -950., 1250., 0. ], [ -1450., 1250., 0. ] ] }
   - { id:104, corners:[ [ -850., 1750., 0. ], [ -350., 1750., 0. ], [
       -350., 1250., 0. ], [ -850., 1250., 0. ] ] }
   - { id:44, corners:[ [ -250., 1750., 0. ], [ 250., 1750., 0. ], [
       250., 1250., 0. ], [ -250., 1250., 0. ] ] }
   - { id:234, corners:[ [ 350., 1750., 0. ], [ 850., 1750., 0. ], [
       850., 1250., 0. ], [ 350., 1250., 0. ] ] }
   - { id:201, corners:[ [ 950., 1750., 0. ], [ 1450., 1750., 0. ], [
       1450., 1250., 0. ], [ 950., 1250., 0. ] ] }
