%YAML:1.0
image_width: 1280
image_height: 720
camera_matrix: !!opencv-matrix
   rows: 3
   cols: 3
   dt: d
   data: [ 9.7303345236149448e+002, 0., 6.2673973898221857e+002, 0.,
       9.7701643622800884e+002, 3.6801878679783232e+002, 0., 0., 1. ]
distortion_coefficients: !!opencv-matrix
   rows: 1
   cols: 5
   dt: d
   data: [ 1.1624447821407947e-001, -5.4805072306201752e-001,
       -2.7745866073562248e-004, -3.5225034698155842e-004,
       5.8226603904542196e-001 ]
