%YAML:1.0
image_width: 640
image_height: 480
camera_matrix: !!opencv-matrix
   rows: 3
   cols: 3
   dt: d
   data: [ 5.8686076539205749e+002, 0., 3.0073973217403591e+002, 0.,
       5.8652483073659346e+002, 2.4485396612195282e+002, 0., 0., 1. ]
distortion_coefficients: !!opencv-matrix
   rows: 1
   cols: 5
   dt: d
   data: [ 9.5277212096435776e-002, -1.2695784060469175e+000,
       6.9290317798930603e-003, -4.6004134049153567e-003,
       2.0353259930642151e+000 ]
